PF
UsersValue
4088668.19672
4388083.47541
5061991.73770
5489021.11475
5747989.90164
6193266.29508
6861285.50820
MLWDF
UsersValue
4454994.42623
5059955.67213
5843573.04918
6332497.37705
6703966.68852
7259248.78689
7893965.83607
EXP-PF
UsersValue
4391323.40984
4992395.67213
5760640.19672
6226435.73770
6542019.60656
7016998.29508
7613651.21311
my_algo
UsersValue
4669692.72131
5291515.80328
6118551.73770
6610985.11475
6824777.31148
7000081.24590
7382810.49180
my_algo2
UsersValue
4942865.77049
5495742.62295
6225861.90164
6669228.85246
6985925.90164
7453893.77049
8012782.22951
