PF
UsersValue
5854003.27869
6328033.70492
7297234.49180
7992560.19672
8347968.39344
9002903.73770
9916143.21311
MLWDF
UsersValue
6265258.36066
7094353.90164
8203504.72131
9042092.65574
9636644.32787
10516450.55738
11449361.24590
EXP-PF
UsersValue
6203433.04918
7027005.70492
8118455.01639
8931949.83607
9458882.03279
10228001.37705
11080741.63934
my_algo
UsersValue
6474133.18033
7248103.86885
8380922.95082
9196146.88525
9543520.45902
9869079.34426
10345473.57377
my_algo2
UsersValue
6507998.36066
7261953.31148
8317656.06557
9123172.19672
9603364.72131
10334624.65574
11150017.83607
