PF
UsersValue
91015.08197
108101.63934
123330.49180
137355.40984
147563.27869
163218.36066
178355.40984
MLWDF
UsersValue
88165.90164
104844.59016
120666.22951
134801.96721
145262.95082
159478.03279
173187.54098
EXP-PF
UsersValue
88112.13115
104689.18033
120427.54098
134596.72131
145734.42623
162569.83607
178987.54098
my_algo
UsersValue
88674.09836
92783.60656
109299.67213
116637.37705
122497.04918
126247.21311
137673.44262
my_algo2
UsersValue
91886.55738
102352.13115
114133.11475
120268.19672
120897.04918
120352.13115
126729.18033
