PF
UsersValue
1680397.37705
1838745.63934
2118034.22951
2373924.00000
2457758.16393
2649811.86885
2878658.36066
MLWDF
UsersValue
1766982.29508
1960301.11475
2262025.18033
2608469.31148
2802449.70492
3107934.29508
3388905.83607
EXP-PF
UsersValue
1765601.11475
1957828.91803
2257626.29508
2600576.85246
2784947.01639
3058316.26230
3295287.34426
my_algo
UsersValue
1747402.03279
1870686.88525
2160955.27869
2473485.04918
2598510.88525
2742780.39344
2824989.63934
my_algo2
UsersValue
1998440.26230
2109851.60656
2393898.88525
2692257.04918
2829678.68852
3079730.36066
3314020.32787
