PF
UsersValue
5860080.65574
6334930.75410
7303356.45902
8000300.52459
8353311.34426
9006296.52459
9918299.27869
MLWDF
UsersValue
6310142.62295
7125101.37705
8226264.45902
9075768.65574
9651679.34426
10526661.11475
11456059.21311
EXP-PF
UsersValue
6245036.65574
7054913.77049
8138694.03279
8961609.31148
9472701.04918
10237884.39344
11087926.09836
my_algo
UsersValue
6505768.85246
7254986.29508
8388806.68852
9201107.54098
9545785.24590
9869108.85246
10345473.57377
my_algo2
UsersValue
7033192.59016
7707946.36066
8733893.90164
9481754.09836
9936501.63934
10653976.26230
11453531.73770
