PF
UsersValue
4088668.19672
4388083.47541
5061991.73770
5489021.11475
5747989.90164
6193266.29508
6861285.50820
MLWDF
UsersValue
4432591.60656
5043468.52459
5832496.13115
6315697.70492
6696996.00000
7254286.55738
7890754.55738
EXP-PF
UsersValue
4370665.31148
4977803.60656
5750949.90164
6211586.42623
6535960.32787
7012969.24590
7611345.44262
my_algo
UsersValue
4620282.09836
5247371.60656
6066670.09836
6591682.09836
6933079.47541
7352376.00000
7907370.55738
my_algo2
UsersValue
1877111.93443
1634009.31148
1590045.50820
1317519.34426
1176581.57377
1131796.26230
1200301.70492
