PF
UsersValue
1680397.37705
1838745.63934
2118034.22951
2373924.00000
2457758.16393
2649811.86885
2878658.36066
MLWDF
UsersValue
1749270.68852
1951480.13115
2255769.24590
2598696.59016
2799977.50820
3106645.96721
3388488.00000
EXP-PF
UsersValue
1749386.75410
1949855.21311
2252356.91803
2592742.42623
2782997.11475
3057399.34426
3295055.21311
my_algo
UsersValue
1715855.40984
1880250.68852
2163102.49180
2490024.39344
2655197.31148
2872739.01639
3090803.01639
my_algo2
UsersValue
1638149.50820
1692537.83607
1773435.54098
1611744.59016
1505451.73770
1482447.54098
1594543.67213
