PF
UsersValue
84937.70492
101204.59016
117208.52459
129615.08197
142220.32787
159825.57377
176199.34426
MLWDF
UsersValue
83396.06557
99405.24590
115239.34426
127698.36066
139670.81967
155518.03279
170118.68852
EXP-PF
UsersValue
83380.98361
99346.88525
115148.19672
127620.98361
139924.59016
157632.78689
174340.98361
my_algo
UsersValue
84186.88525
99634.75410
114902.29508
125779.01639
135666.88525
148700.98361
161307.54098
my_algo2
UsersValue
77133.77049
86771.14754
95022.29508
96982.95082
101368.52459
107023.60656
118086.55738
