PF
UsersValue
4088668.19672
4388083.47541
5061991.73770
5489021.11475
5747989.90164
6193266.29508
6861285.50820
MLWDF
UsersValue
4454994.42623
5059955.67213
5843573.04918
6332497.37705
6703966.68852
7259248.78689
7893965.83607
EXP-PF
UsersValue
4391323.40984
4992395.67213
5760640.19672
6226435.73770
6542019.60656
7016998.29508
7613651.21311
my_algo
UsersValue
4688637.24590
5268145.31148
6067705.63934
6591721.77049
6933079.47541
7352376.00000
7907370.55738
my_algo2
UsersValue
4929691.08197
5504986.95082
6267044.45902
6712767.40984
7020596.85246
7464472.06557
8026092.59016
