PF
UsersValue
1680397.37705
1838745.63934
2118034.22951
2373924.00000
2457758.16393
2649811.86885
2878658.36066
MLWDF
UsersValue
1766982.29508
1960301.11475
2262025.18033
2608469.31148
2802449.70492
3107934.29508
3388905.83607
EXP-PF
UsersValue
1765601.11475
1957828.91803
2257626.29508
2600576.85246
2784947.01639
3058316.26230
3295287.34426
my_algo
UsersValue
1787607.14754
1909510.81967
2179049.90164
2491208.26230
2655197.31148
2872739.01639
3090803.01639
my_algo2
UsersValue
1956180.78689
2070946.42623
2362491.54098
2615665.37705
2764763.21311
2956155.34426
3145237.77049
