PF
UsersValue
93473.04918
89599.40984
53247.54098
49797.90164
48475.54098
48191.86885
46719.27869
MLWDF
UsersValue
598051.67213
621803.01639
514249.70492
411652.78689
336109.70492
332868.85246
255542.03279
EXP-PF
UsersValue
593394.88525
607549.24590
495526.36066
382631.67213
298633.37705
288755.14754
221651.21311
my_algo
UsersValue
250050.16393
236218.03279
154031.54098
80245.50820
54595.01639
59334.03279
51892.00000
my_algo2
UsersValue
1003790.75410
925896.45902
771860.26230
622506.03279
528860.65574
526093.63934
446814.22951
