PF
UsersValue
1655367.80328
1688284.45902
1767614.36066
2131636.98361
2485674.42623
2694869.24590
3067193.96721
MLWDF
UsersValue
2614262.75410
2663502.88525
2850472.26230
3273362.29508
3568600.06557
3841560.98361
4222211.21311
EXP-PF
UsersValue
2584099.34426
2614835.93443
2767562.03279
3173811.34426
3434987.40984
3686433.44262
4066813.96721
my_algo
UsersValue
2613946.42623
2694914.49180
2947367.01639
3443464.52459
3672227.14754
3951868.06557
4350674.68852
my_algo2
UsersValue
3129883.08197
3162056.65574
3341855.67213
3875170.49180
4131941.11475
4380516.91803
4742546.29508
