PF
UsersValue
2719260.65574
2772551.47541
2924720.98361
3460526.03279
4048213.57377
4367114.55738
4876135.54098
MLWDF
UsersValue
3931316.00000
4059349.18033
4379834.36066
5006142.09836
5504918.29508
5880137.70492
6377245.63934
EXP-PF
UsersValue
3900253.50820
4007882.75410
4282354.75410
4880569.24590
5318937.83607
5664186.29508
6146189.70492
my_algo
UsersValue
3783177.50820
3926468.06557
4268466.75410
4925713.24590
5340146.95082
5715959.08197
6208678.22951
my_algo2
UsersValue
4617681.63934
4671856.52459
4947336.13115
5664205.44262
6094328.06557
6427556.45902
6858265.83607
