PF
UsersValue
2625787.60656
2682952.06557
2871473.44262
3410728.13115
3999738.03279
4318922.68852
4829416.26230
MLWDF
UsersValue
3333264.32787
3437546.16393
3865584.65574
4594489.31148
5168808.59016
5547268.85246
6121703.60656
EXP-PF
UsersValue
3306858.62295
3400333.50820
3786828.39344
4497937.57377
5020304.45902
5375431.14754
5924538.49180
my_algo
UsersValue
3533127.34426
3690250.03279
4114435.21311
4845467.73770
5285551.93443
5656625.04918
6156786.22951
my_algo2
UsersValue
3613890.88525
3745960.06557
4175475.86885
5041699.40984
5565467.40984
5901462.81967
6411451.60656
