PF
UsersValue
986882.36066
996376.52459
1059539.40984
1212235.27869
1434175.86885
1536162.68852
1659006.49180
MLWDF
UsersValue
1248006.68852
1317669.24590
1441023.73770
1629398.16393
1821985.77049
1918854.09836
2026795.08197
EXP-PF
UsersValue
1247159.40984
1314814.03279
1425598.62295
1601867.40984
1765612.72131
1851512.85246
1939571.80328
my_algo
UsersValue
1098583.86885
1154225.70492
1237293.83607
1385695.27869
1562602.42623
1650498.88525
1739033.70492
my_algo2
UsersValue
1413028.72131
1428349.37705
1517568.98361
1690019.21311
1860449.90164
1949890.03279
2024984.45902
