PF
UsersValue
77010.49180
87890.49180
97567.21311
116653.77049
128363.27869
136082.62295
149935.08197
MLWDF
UsersValue
69046.55738
78177.04918
88338.36066
103381.63934
114332.45902
119722.62295
128239.34426
EXP-PF
UsersValue
68994.75410
78232.78689
89194.09836
104890.49180
118337.70492
126240.00000
139803.93443
my_algo
UsersValue
70647.21311
77327.86885
83805.90164
96553.44262
105317.37705
113592.13115
118969.83607
my_algo2
UsersValue
74769.83607
81450.49180
87911.47541
99015.73770
101937.04918
97149.50820
90735.08197
