PF
UsersValue
91015.08197
108101.63934
123330.49180
137355.40984
147563.27869
163218.36066
178355.40984
MLWDF
UsersValue
88165.90164
104844.59016
120666.22951
134801.96721
145262.95082
159478.03279
173187.54098
EXP-PF
UsersValue
88112.13115
104689.18033
120427.54098
134596.72131
145734.42623
162569.83607
178987.54098
my_algo
UsersValue
94014.42623
106392.13115
121809.18033
133135.73770
139215.73770
148883.27869
161352.13115
my_algo2
UsersValue
91714.09836
102407.86885
115719.34426
123548.19672
128956.06557
135755.40984
142864.91803
