PF
UsersValue
5860080.65574
6334930.75410
7303356.45902
8000300.52459
8353311.34426
9006296.52459
9918299.27869
MLWDF
UsersValue
6310142.62295
7125101.37705
8226264.45902
9075768.65574
9651679.34426
10526661.11475
11456059.21311
EXP-PF
UsersValue
6245036.65574
7054913.77049
8138694.03279
8961609.31148
9472701.04918
10237884.39344
11087926.09836
my_algo
UsersValue
6570258.81967
7284048.26230
8368564.72131
9216065.77049
9727492.52459
10373998.29508
11159525.70492
my_algo2
UsersValue
7084673.77049
7822590.29508
8911171.01639
9686137.50820
10198929.37705
10920656.65574
11458654.95082
