PF
UsersValue
5854003.27869
6328033.70492
7297234.49180
7992560.19672
8347968.39344
9002903.73770
9916143.21311
MLWDF
UsersValue
6265258.36066
7094353.90164
8203504.72131
9042092.65574
9636644.32787
10516450.55738
11449361.24590
EXP-PF
UsersValue
6203433.04918
7027005.70492
8118455.01639
8931949.83607
9458882.03279
10228001.37705
11080741.63934
my_algo
UsersValue
6420324.39344
7227257.04918
8344674.88525
9207485.50820
9723943.67213
10373816.00000
11159481.11475
my_algo2
UsersValue
6557345.04918
7364906.62295
8497191.54098
9315107.14754
9869193.04918
10607208.06557
11453059.21311
